70290543
70290865
70290991
70292210
70292627
70292659
70293579
70293762
70293848
70294451
70294538
70294552
70294795
70295113
70295135
70295260
70295809
70295810
70295838
70295950
70296228
70296513
70296641
70296677
70297060
70297082
70297336
70297613
70297650
70297653
70298339
70299790
70299956
70299957
70299957
70300245
70300302
70300406
70300533
70300667
70301586
70302296
70302549
70302844
70302865
70303163
70303184
70303296
70303308
70304545
70304777
70304945
70304946
70305056
70305187
70305198
70305927
70306207
70306626
70306786
70307369
70307516
70307649
70307791
70307966
70308458
70308681
70308691
70308822
70308974
70309242
70309271
70309371
70309575
70310410
70310412
70310443
70310607
70310736
70311022
70311039
70311145
70311155
70311174
70311311
70311440
70311781
70311907
70312075
70312534
70312544
70313105
70313679
70313861
70314146
70314178
70314184
70314500
70314725
70314919
70315193
70315510
70315690
70315817
70315817
70315962
70316587
70317006
70317174
70317338
70317777
70318066
70318234
70318640
70318685
70319447
70320215
70320376
70320671
70320839
70321207
70321479
70321808
70321842
70321964
70322003
70322273
70322339
70322435
70322914
70323065
70323522
70324013
70324801
70325083
70325089
70325400
70325548
70325974
70326140
70326300
70326303
70326393
70326422
70326426
70326445
70326577
70326914
70326976
70327267
70327311
70327402
70327567
70327943
70329055
70329231
70329360
70329415
70329685
70329890
70330154
70330159
70330186
70330196
70330203
70330298
70330457
70330752
70330784
70331246
70331405
70331451
70331612
70331881
70332005
70332016
70332027
70332333
70332522
70332635
70332636
70332841
70332951
70333115
70333724
70333905
70334241
70334998
70334999
70335013
70335157
70335161
70335307
70335326
70335497
70335680
70335682
70336013
70336187
70336406
70336541
70336678
70336716
70336804
70336952
70336958
70337272
70337278
70337462
70337593
70338030
70338050
70338220
70338221
70338496
70338803
70338815
70338966
70339160
70339306
70339868
70340005
70340023
70340263
70340266
70340297
70340404
70340533
70340692
70340701
70340738
70340858
70340859
70340974
70340994
70341105
70341119
70341392
70341413
70341673
70341700
70342171
70342584
70342618
70342618
70342691
70342841
70342855
70342990
70343106
70343158
70343249
70343305
70343429
70343432
70343435
70343437
70343572
70343590
70343886
70343904
70344165
70344170
70344471
70344486
70344609
70344751
70344944
70345200
70345342
70345342
70345514
70345608
70345758
70345895
70346068
70346084
70346303
70346358
70346360
70346625
70346762
70346790
70346909
70346917
70346924
70346924
70346975
70347059
70347121
70347245
70347392
70347451
70347565
70347731
70347732
70347740
70347890
70348028
70348338
70348343
70348689
70348695
70349019
70349029
70349048
70349304
70349431
70349432
70349443
70349580
70349599
70349723
70349744
70349988
70350129
70350177
70350327
70350336
70350404
70350405
70350577
70350583
70350753
70350977
70350982
70351167
70351280
70351428
70351469
70351691
70351841
70351955
70351982
70351982
70352039
70352421
70352538
70352583
70352673
70352675
70352720
70352809
70352811
70352958
70352958
70352958
70353007
70353031
70353098
70353111
70353113
70353368
70353381
70353397
70353511
70353855
70354017
70354025
70354292
70354305
70354411
70354516
70354517
70354529
70354684
70354804
70354827
70354970
70355004
70355403
70355406
70355409
70356260
70356306
70357429
70358038
70358238
70358616
70358768
70359073
70359221
70359227
70359370
70359493
70359626
70359670
70359940
70360282
70360288
70360297
70360396
70360701
70361160
70361805
70361849
70361862
70362264
70362456
70362989
70363197
70363212
70363293
70363422
70363555
70363835
70363851
70363877
70363885
70364020
70364121
70364147
70364199
70364494
70364574
70364584
70364596
70364779
70364891
70364910
70364911
70365026
70365059
70365227
70365360
70365504
70365557
70365700
70365825
70365861
70365880
70365996
70366280
70366387
70366532
70366670
70366671
70366921
70367122
70367187
70367491
70367537
70367537
70367548
70367550
70367899
70367932
70367932
70367958
70368045
70368239
70368263
70368294
70368376
70368429
70368584
70368591
70368648
70368649
70368728
70368902
70369188
70369366
70369697
70369841
70369854
70369879
70370151
70370184
70370333
70370472
70370473
70370583
70370626
70370640
70370746
70371043
70371159
70371527
70371815
70372317
70372380
70372478
70372633
70372668
70372691
70372791
70372805
70372828
70372976
70373093
70373196
70373253
70373337
70373523
70373633
70373657
70373702
70373767
70373777
70373823
70373826
70374386
70374389
70374541
70374545
70374620
70374655
70374749
70374777
70375196
70375304
70375571
70375950
70375994
70376015
70376084
70376085
70376140
70376140
70376229
70376542
70376561
70376566
70376738
70376813
70376854
70376992
70377042
70377046
70377151
70377171
70377274
70377293
70377377
70377453
70377796
70377884
70378046
70378141
70378271
70378327
70378554
70378560
70378561
70378586
70378715
70378926
70379325
70379351
70379361
70379365
70379488
70379516
70379777
70379879
70379914
70380077
70380251
70380502
70380507
70380680
70380835
70381013
70381042
70381385
70381397
70381634
70381769
70381808
70381888
70381890
70382080
70382370
70382429
70382502
70382528
70382544
70383049
70383099
70383197
70383216
70383217
70383493
70383520
70383788
70384130
70384496
70384525
70384527
70384675
70384824
70384834
70384971
70384972
70385076
70385095
70385339
70385344
70385356
70385397
70385462
70385506
70385518
70385633
70385779
70385783
70385811
70386432
70386556
70386782
70386981
70387014
70387276
70387295
70387583
70387587
70387728
70387742
70388188
70388565
70389001
70389100
70389104
70389117
70389146
70389537
70389638
70389913
70389913
70390009
70390045
70390232
70390250
70390501
70390618
70390729
70390852
70390855
70390951
70390953
70391021
70391140
70391242
70391281
70391301
70391380
70391444
70391521
70391525
70391580
70391788
70391889
70391977
70391991
70392070
70392070
70392214
70392799
70392954
70392954
70392955
70393114
70393277
70393674
70393734
70393979
70394161
70394556
70394678
70394694
70394700
70394905
70395277
70395290
70395653
70395676
70395996
70395997
70396073
70396222
70396274
70396277
70396280
70396350
70396489
70396770
70396881
70397279
70397389
70397413
70397431
70397433
70398231
70398231
70398240
70398294
70398522
70398579
70398906
70399127
70399133
70399142
70399513
70399779
70400125
70400135
70400212
70400232
70400287
70400385
70400415
70400767
70400796
70400898
70400928
70401397
70401406
70401409
70401778
70402057
70402212
70402377
70402626
70402774
70402868
70402932
70403012
70403422
70403437
70403551
70403691
70403701
70403848
70403851
70403927
70404237
70404264
70404313
70404387
70404415
70404439
70404600
70404912
70405498
70405710
70405802
70405820
70406114
70406219
70406224
70406342
70406353
70406384
70406500
70407385
70407691
70407818
70407837
70408025
70408116
70408428
70408435
70408579
70408606
70408847
70408857
70409022
70409034
70409315
70409491
70409527
70409548
70409708
70409717
70409778
70409809
70409828
70409874
70409941
70410380
70410663
70410873
70410898
70410900
70410901
70410920
70411024
70411166
70411342
70411493
70411525
70411597
70411598
70411607
70411622
70411712
70411867
70411883
70411896
70411934
70411941
70412014
70412210
70412215
70412218
70412319
70412340
70412465
70412602
70412602
70412603
70412720
70412875
70412906
70413022
70413022
70413026
70413192
70413324
70413325
70413342
70413354
70413500
70413578
70413590
70413612
70413612
70413765
70413833
70413833
70413859
70413966
70414179
70414268
70414586
70414644
70414746
70415002
70415154
70415154
70415273
70415273
70415414
70415457
70415533
70415676
70415676
70415700
70415713
70415873
70416010
70416063
70416069
70416210
70416405
70416411
70416528
70416606
70416671
70416702
70416910
70416979
70417000
70417029
70417141
70417186
70417261
70417518
70417525
70417791
70417968
70418013
70418052
70418069
70418112
70418115
70418231
70418261
70418481
70418499
70418763
70418789
70418940
70418956
70418956
70418988
70419014
70419381
70419488
70419602
70419604
70419637
70419829
70419860
70420080
70420237
70420251
70420339
70420371
70420604
70420670
70420756
70420834
70420891
70421095
70421309
70421500
70421524
70421709
70421741
70421871
70422041
70422060
70422069
70422308
70422360
70422422
70422453
70422552
70422561
70422662
70422763
70423012
70423205
70423222
70423239
70423361
70423394
70423432
70423566
70423623
70423665
70423739
70424071
70424266
70424419
70424422
70424427
70424502
70424502
70424590
70424598
70424610
70425144
70425168
70425406
70425480
70425592
70425625
70425694
70425695
70425695
70426022
70426024
70426093
70426262
70426297
70426393
70426438
70426578
70426743
70426822
70426824
70427288
70427382
70427469
70427583
70427620
70427975
70428114
70428130
70428249
70428366
70428665
70428742
70428762
70428897
70428897
70428916
70429020
70429128
70429197
70429198
70429380
70429473
70429474
70429596
70429604
70429874
70429942
70429976
70429982
70430108
70430111
70430169
70430335
70430426
70430437
70430633
70430655
70430685
70430688
70430774
70430784
70430832
70430975
70431099
70431222
70431290
70431328
70431342
70431508
70431517
70431609
70431642
70431649
70431690
70431799
70431817
70431826
70431874
70431964
70431967
70431984
70432131
70432201
70432208
70432209
70432372
70432411
70432586
70432720
70432826
70432958
70433059
70433071
70433086
70433135
70433162
70433228
70433378
70433449
70433478
70433549
70433602
70433627
70433757
70434084
70434103
70434154
70434175
70434176
70434334
70434552
70434684
70434718
70434800
70434881
70434912
70434931
70435081
70435156
70435348
70435579
70435616
70435617
70435623
70435644
70435808
70435857
70435923
70436060
70436114
70436186
70436208
70436210
70436314
70436361
70436497
70436509
70436604
70436716
70436903
70436927
70437038
70437047
70437112
70437167
70437170
70437310
70437321
70437321
70437341
70437411
70437419
70437627
70437634
70437738
70437838
70437892
70437953
70437954
70437992
70438066
70438223
70438232
70438325
70438414
70438465
70438503
70438533
70438578
70438600
70438665
70438677
70438698
70438820
70438828
70438841
70438889
70439000
70439100
70439132
70439139
70439153
70439183
70439184
70439560
70439588
70439603
70439617
70439654
70439745
70439808
70440001
70440062
70440189
70440213
70440340
70440407
70440436
70440443
70440509
70440544
70440732
70440766
70440856
70440900
70441055
70441137
70441250
70441333
70441474
70441484
70441586
70441821
70441912
70441938
70442015
70442090
70442175
70442176
70442180
70442378
70442416
70442428
70442561
70442725
70442769
70442786
70442802
70442844
70442870
70442903
70442958
70443008
70443021
70443243
70443305
70443396
70443407
70443491
70443521
70443639
70443652
70443679
70443909
70444015
70444022
70444023
70444155
70444192
70444317
70444334
70444357
70444377
70444472
70444711
70444715
70444759
70444951
70444965
70445127
70445137
70445341
70445347
70445554
70445837
70445839
70446164
70446193
70446251
70446279
70446279
70446306
70446327
70446337
70446353
70446361
70446520
70446575
70446605
70446636
70446664
70446709
70446778
70446796
70446813
70446856
70446901
70446941
70447246
70447322
70447368
70447373
70447570
70447716
70447748
70447779
70447780
70447960
70448002
70448007
70448016
70448017
70448023
70448124
70448148
70448171
70448344
70448384
70448425
70448511
70448541
70448557
70448644
70448693
70448810
70449036
70449038
70449103
70449138
70449183
70449235
70449301
70449512
70449549
70449772
70449778
70449782
70449799
70449858
70449924
70450008
70450263
70450393
70450417
70450437
70450549
70450567
70450684
70450702
70450748
70450809
70450817
70450893
70450983
70451110
70451165
70451276
70451308
70451378
70451452
70451506
70451546
70451574
70451605
70451630
70451661
70451682
70451688
70451689
70451735
70451744
70451800
70452001
70452062
70452150
70452438
70452463
70452532
70452545
70452583
70452623
70452668
70452722
70452866
70452932
70452955
70452977
70453035
70453339
70453699
70453710
70453767
70453826
70453837
70453889
70454019
70454081
70454090
70454108
70454110
70454287
70454333
70454373
70454387
70454387
70454447
70454694
70454762
70454766
70454821
70454822
70454860
70455128
70455157
70455287
70455302
70455304
70455343
70455542
70455671
70455674
70455701
70455754
70455757
70455877
70456013
70456127
70456151
70456186
70456268
70456310
70456419
70456533
70456537
70456582
70456630
70456703
70456706
70456752
70456788
70456820
70456907
70456960
70457065
70457102
70457121
70457207
70457267
70457430
70457439
70457451
70457467
70457527
70457539
70457546
70457547
70457560
70457579
70457598
70457624
70457640
70457723
70457729
70457811
70457833
70457921
70457974
70457995
70458099
70458099
70458276
70458389
70458389
70458429
70458485
70458528
70458552
70458685
70458951
70458965
70459034
70459233
70459292
70459332
70459333
70459335
70459341
70459474
70459518
70459644
70459649
70459684
70459733
70459791
70459802
70459812
70459858
70460022
70460092
70460250
70460354
70460382
70460429
70460674
70460805
70460895
70460962
70461024
70461178
70461245
70461271
70461278
70461285
70461397
70461427
70461436
70461521
70461610
70461690
70461893
70461937
70461967
70462274
70462303
70462419
70462419
70462437
70462452
70462537
70462540
70462550
70462603
70462651
70462810
70462885
70462940
70462943
70462943
70463040
70463217
70463235
70463249
70463426
70463853
70463932
70463940
70464050
70464278
70464317
70464366
70464469
70464535
70464565
70464607
70464651
70464655
70464780
70464809
70464894
70464975
70465035
70465177
70465199
70465227
70465228
70465281
70465434
70465457
70465464
70465465
70465476
70465552
70465557
70465621
70465665
70465951
70465967
70465974
70466006
70466014
70466204
70466210
70466231
70466316
70466381
70466396
70466482
70466492
70466576
70466623
70466677
70466774
70466785
70466817
70466911
70466962
70467094
70467215
70467255
70467286
70467364
70467487
70467537
70467546
70467600
70467647
70467667
70467712
70467792
70467848
70467934
70468019
70468063
70468078
70468134
70468138
70468259
70468288
70468289
70468349
70468394
70468436
70468537
70468556
70468560
70468568
70468569
70468664
70468768
70468874
70468912
70469001
70469033
70469083
70469095
70469117
70469304
70469573
70469583
70469610
70469640
70469665
70469787
70469892
70469907
70469993
70470072
70470249
70470250
70470263
70470485
70470581
70470612
70470614
70470698
70470701
70470728
70470729
70470792
70470909
70470914
70471016
70471050
70471072
70471153
70471342
70471371
70471372
70471446
70471488
70471492
70471523
70471546
70471553
70471688
70471780
70471811
70471823
70471887
70472019
70472200
70472212
70472212
70472330
70472395
70472462
70472537
70472576
70472696
70472797
70472813
70472842
70472975
70473035
70473198
70473199
70473555
70473562
70473584
70473595
70473775
70473868
70473900
70474001
70474168
70474283
70474386
70474513
70474660
70474771
70475006
70475032
70475140
70475258
70475350
70475502
70475504
70475509
70475522
70475538
70475545
70475587
70475630
70475768
70475789
70475797
70475801
70475803
70475923
70475927
70475959
70475992
70476048
70476175
70476217
70476310
70476328
70476335
70476425
70476534
70476539
70476624
70476631
70476713
70476781
70476795
70476800
70477091
70477192
70477270
70477282
70477378
70477407
70477543
70477607
70477644
70477723
70477818
70477837
70477848
70478008
70478031
70478117
70478163
70478164
70478172
70478210
70478326
70478326
70478372
70478494
70478572
70478580
70478615
70478686
70478726
70478774
70478832
70478883
70478902
70478922
70478943
70479029
70479051
70479086
70479326
70479422
70479426
70479581
70479607
70479740
70479883
70479888
70479888
70479917
70479979
70480070
70480109
70480246
70480380
70480404
70480417
70480464
70480522
70480595
70480619
70480639
70480724
70480742
70480826
70480868
70480905
70480928
70480981
70480986
70480986
70481012
70481042
70481100
70481142
70481230
70481483
70481553
70481584
70481646
70481684
70481702
70481745
70481778
70481782
70481958
70481989
70482102
70482214
70482305
70482349
70482402
70482484
70482561
70482603
70482710
70482776
70482882
70482887
70482919
70482919
70483025
70483095
70483122
70483213
70483309
70483316
70483392
70483568
70483600
70483638
70483638
70483666
70483673
70483694
70483739
70483739
70483834
70483875
70483932
70484027
70484069
70484083
70484105
70484116
70484128
70484147
70484156
70484229
70484229
70484235
70484249
70484342
70484371
70484444
70484494
70484525
70484551
70484603
70484632
70484647
70484647
70484757
70484955
70484956
70485006
70485031
70485102
70485116
70485132
70485179
70485391
70485509
70485709
70485765
70485894
70486101
70486137
70486234
70486258
70486262
70486362
70486382
70486386
70486421
70486443
70486446
70486452
70486453
70486470
70486562
70486564
70486586
70486621
70486689
70486695
70486710
70486717
70486723
70486724
70486731
70486769
70486837
70486935
70486947
70486958
70486969
70487023
70487032
70487059
70487082
70487300
70487318
70487445
70487472
70487513
70487525
70487547
70487664
70487735
70487736
70487752
70487858
70487877
70487946
70487954
70488066
70488069
70488069
70488104
70488134
70488164
70488178
70488418
70488426
70488445
70488591
70488644
70488685
70488783
70488862
70489000
70489126
70489150
70489155
70489215
70489246
70489294
70489299
70489302
70489314
70489336
70489407
70489410
70489411
70489577
70489587
70489606
70489639
70489683
70489742
70489814
70489866
70489957
70490145
70490250
70490304
70490328
70490402
70490457
70490654
70490722
70490755
70490786
70490786
70490806
70490817
70490833
70490878
70490984
70491051
70491061
70491091
70491169
70491213
70491251
70491271
70491409
70491492
70491524
70491532
70491640
70491641
70491661
70491662
70491734
70491769
70491805
70491833
70491834
70491841
70491898
70491965
70491985
70492202
70492218
70492274
70492274
70492306
70492348
70492358
70492366
70492445
70492464
70492464
70492468
70492503
70492577
70492602
70492666
70492732
70492770
70493109
70493312
70493320
70493341
70493341
70493350
70493573
70493603
70493605
70493641
70493696
70493737
70493742
70493746
70493780
70493824
70493922
70493924
70493978
70494043
70494056
70494083
70494132
70494160
70494204
70494205
70494247
70494339
70494433
70494492
70494518
70494578
70494635
70494682
70494688
70494738
70494764
70494777
70494868
70494922
70494977
70494981
70494990
70495019
70495048
70495325
70495333
70495422
70495502
70495524
70495528
70495601
70495658
70495705
70495723
70495802
70495832
70495840
70495855
70495927
70495934
70495938
70495959
70496073
70496096
70496131
70496206
70496215
70496217
70496223
70496284
70496287
70496291
70496335
70496356
70496368
70496413
70496429
70496466
70496548
70496577
70496615
70496652
70496683
70496708
70496976
70497027
70497028
70497033
70497042
70497090
70497208
70497228
70497265
70497333
70497340
70497367
70497407
70497410
70497462
70497473
70497495
70497530
70497561
70497596
70497637
70497637
70497674
70497688
70497705
70497726
70497766
70497768
70497777
70497781
70497862
70497875
70497892
70497903
70497922
70497924
70498007
70498194
70498218
70498227
70498241
70498261
70498357
70498361
70498488
70498514
70498553
70498692
70498725
70498818
70498843
70498915
70499050
70499052
70499067
70499105
70499131
70499155
70499195
70499250
70499301
70499354
70499418
70499547
70499568
70499579
70499585
70499635
70499690
70499759
70499764
70499862
70499873
70499984
70500010
70500062
70500064
70500077
70500098
70500271
70500274
70500278
70500373
70500421
70500448
70500502
70500506
70500549
70500563
70500663
70500676
70500677
70500719
70500810
70500918
70501031
70501066
70501094
70501114
70501206
70501218
70501238
70501488
70501636
70501732
70501738
70501913
70501948
70501955
70502006
70502021
70502064
70502109
70502146
70502170
70502249
70502267
70502291
70502338
70502342
70502392
70502421
70502467
70502477
70502484
70502496
70502512
70502612
70502688
70502776
70502844
70502916
70502917
70502929
70502939
70503022
70503026
70503027
70503085
70503107
70503107
70503107
70503238
70503309
70503352
70503388
70503486
70503497
70503560
70503571
70503580
70503606
70503655
70503682
70503712
70503724
70503828
70503834
70503972
70503975
70504100
70504102
70504116
70504190
70504191
70504195
70504211
70504230
70504230
70504250
70504303
70504318
70504320
70504328
70504426
70504438
70504492
70504504
70504520
70504628
70504641
70504779
70504877
70504981
70504987
70505014
70505092
70505162
70505267
70505286
70505308
70505401
70505510
70505581
70505650
70505660
70505758
70505786
70505837
70505883
70505898
70505908
70505918
70505923
70505939
70505949
70505957
70506039
70506071
70506204
70506291
70506384
70506513
70506602
70506617
70506710
70506811
70506812
70506814
70506908
70506973
70507007
70507021
70507230
70507266
70507357
70507367
70507368
70507373
70507374
70507443
70507462
70507492
70507502
70507506
70507577
70507628
70507728
70507760
70507810
70507826
70507846
70507856
70507891
70507917
70507955
70507997
70507998
70508045
70508072
70508074
70508082
70508195
70508201
70508206
70508209
70508266
70508308
70508428
70508475
70508667
70508680
70508683
70508759
70508850
70508850
70508889
70508913
70508947
70508982
70508982
70508999
70509093
70509204
70509237
70509239
70509254
70509329
70509479
70509500
70509512
70509584
70509671
70509710
70509813
70509923
70509964
70510000
70510011
70510024
70510041
70510052
70510065
70510097
70510106
70510155
70510160
70510212
70510239
70510260
70510268
70510271
70510285
70510299
70510335
70510357
70510382
70510387
70510486
70510502
70510510
70510610
70510613
70510685
70510776
70510789
70510802
70510822
70510986
70511034
70511054
70511066
70511077
70511153
70511161
70511175
70511219
70511245
70511249
70511286
70511287
70511304
70511374
70511440
70511452
70511468
70511556
70511589
70511604
70511610
70511617
70511619
70511620
70511652
70511720
70511828
70511842
70512132
70512145
70512164
70512195
70512202
70512223
70512305
70512345
70512387
70512434
70512435
70512484
70512485
70512593
70512601
70512602
70512607
70512715
70512723
70512789
70512810
70512810
70512829
70512840
70512849
70512871
70512907
70512947
70512955
70513076
70513133
70513275
70513277
70513322
70513323
70513391
70513410
70513433
70513532
70513537
70513539
70513681
70513746
70513780
70513781
70513987
70513987
70514013
70514032
70514101
70514136
70514140
70514154
70514208
70514217
70514255
70514273
70514357
70514366
70514400
70514455
70514471
70514517
70514576
70514614
70514620
70514672
70514712
70514719
70514746
70514810
70514829
70514893
70514895
70514907
70514908
70515015
70515024
70515049
70515145
70515152
70515272
70515364
70515554
70515572
70515690
70515694
70515700
70515725
70515810
70515816
70515832
70515851
70515872
70515919
70515920
70516014
70516020
70516063
70516106
70516128
70516132
70516171
70516183
70516193
70516222
70516234
70516238
70516258
70516386
70516387
70516435
70516473
70516509
70516591
70516650
70516654
70516662
70516719
70516727
70516731
70516834
70516953
70516969
70517077
70517078
70517078
70517088
70517103
70517116
70517165
70517166
70517213
70517244
70517351
70517396
70517406
70517453
70517644
70517654
70517682
70517768
70517772
70517772
70517834
70517842
70517849
70517890
70517969
70517971
70517980
70518006
70518098
70518212
70518286
70518287
70518318
70518646
70518650
70518653
70518659
70518659
70518664
70518851
70518885
70518917
70519018
70519116
70519130
70519141
70519241
70519247
70519256
70519267
70519276
70519283
70519293
70519296
70519302
70519307
70519323
70519329
70519368
70519426
70519452
70519467
70519502
70519556
70519621
70519674
70519683
70519686
70519712
70519732
70519739
70519791
70519820
70519857
70519861
70519904
70519918
70519942
70519943
70519998
70520077
70520160
70520185
70520190
70520221
70520258
70520291
70520292
70520397
70520432
70520433
70520434
70520526
70520545
70520562
70520569
70520853
70520911
70520946
70520999
70521015
70521045
70521072
70521126
70521279
70521289
70521434
70521495
70521555
70521562
70521684
70521770
70521800
70521810
70521816
70521895
70521971
70522214
70522214
70522268
70522272
70522282
70522429
70522452
70522606
70522625
70522650
70522738
70522753
70522785
70522858
70522862
70522885
70522903
70522986
70522993
70523033
70523043
70523046
70523078
70523102
70523124
70523138
70523152
70523299
70523322
70523361
70523423
70523430
70523432
70523436
70523453
70523540
70523544
70523555
70523571
70523585
70523593
70523683
70523720
70523731
70523840
70523854
70523897
70524003
70524017
70524050
70524104
70524119
70524119
70524213
70524253
70524346
70524468
70524469
70524470
70524516
70524589
70524590
70524636
70524726
70524757
70524759
70524764
70524766
70524874
70525060
70525097
70525098
70525117
70525183
70525205
70525214
70525323
70525325
70525350
70525385
70525454
70525542
70525584
70525620
70525677
70525778
70525799
70525912
70525935
70526019
70526148
70526149
70526188
70526222
70526235
70526284
70526350
70526471
70526510
70526525
70526548
70526625
70526724
70526724
70526785
70526791
70526875
70526886
70526895
70526987
70527030
70527031
70527103
70527106
70527223
70527224
70527236
70527243
70527306
70527342
70527355
70527418
70527423
70527434
70527439
70527460
70527470
70527472
70527477
70527506
70527555
70527565
70527612
70527682
70527767
70527875
70527910
70527910
70527912
70527917
70527972
70527985
70528064
70528129
70528350
70528353
70528394
70528418
70528470
70528558
70528578
70528613
70528647
70528718
70528752
70528802
70528929
70529062
70529218
70529235
70529257
70529261
70529325
70529340
70529343
70529405
70529413
70529474
70529540
70529575
70529610
70529618
70529619
70529669
70529715
70529837
70529873
70529881
70529890
70529891
70529902
70529982
70530039
70530074
70530106
70530164
70530238
70530275
70530282
70530340
70530350
70530351
70530524
70530526
70530545
70530585
70530597
70530667
70530670
70530722
70530846
70530864
70530869
70530893
70530911
70530916
70530920
70530982
70531031
70531033
70531041
70531042
70531086
70531144
70531146
70531157
70531185
70531190
70531236
70531288
70531297
70531308
70531532
70531538
70531541
70531542
70531677
70531696
70531729
70531869
70531871
70531912
70531972
70532005
70532118
70532145
70532158
70532357
70532362
70532403
70532462
70532484
70532487
70532494
70532498
70532513
70532674
70532700
70532711
70532724
70532730
70532736
70532796
70532828
70532923
70532938
70532953
70533072
70533134
70533174
70533175
70533257
70533301
70533338
70533364
70533401
70533530
70533627
70533642
70533648
70533664
70533696
70533697
70533705
70533751
70533778
70533778
70533792
70533882
70533892
70533908
70533914
70533926
70534000
70534002
70534100
70534121
70534130
70534138
70534227
70534336
70534348
70534450
70534494
70534615
70534620
70534708
70534713
70534834
70534862
70534862
70534865
70534927
70534965
70535088
70535222
70535351
70535370
70535380
70535386
70535397
70535404
70535410
70535411
70535418
70535442
70535536
70535671
70535687
70535740
70535751
70535768
70535782
70535795
70535867
70535906
70535907
70535950
70535988
70536003
70536020
70536022
70536049
70536246
70536259
70536291
70536380
70536395
70536421
70536431
70536468
70536647
70536703
70536799
70536848
70537022
70537161
70537219
70537264
70537287
70537288
70537311
70537313
70537373
70537507
70537636
70537791
70537794
70537797
70537812
70537963
70537988
70538001
70538014
70538063
70538121
70538181
70538203
70538230
70538247
70538249
70538254
70538282
70538321
70538334
70538408
70538450
70538535
70538617
70538649
70538715
70538820
70538821
70538824
70538922
70538946
70538953
70538979
70538982
70538982
70539007
70539014
70539034
70539085
70539154
70539155
70539207
70539207
70539275
70539423
70539629
70539736
70539756
70539758
70539772
70539829
70539850
70539864
70539875
70539953
70540105
70540106
70540131
70540132
70540238
70540264
70540265
70540335
70540348
70540371
70540433
70540438
70540466
70540500
70540557
70540710
70540728
70540764
70540766
70540768
70540854
70540866
70540870
70540949
70540949
70541018
70541033
70541034
70541048
70541051
70541054
70541063
70541075
70541117
70541120
70541150
70541247
70541256
70541282
70541329
70541395
70541493
70541614
70541645
70541662
70541689
70541693
70541713
70541728
70541801
70541848
70541881
70541965
70542019
70542035
70542158
70542159
70542207
70542210
70542218
70542246
70542254
70542269
70542273
70542305
70542315
70542317
70542350
70542435
70542463
70542491
70542539
70542613
70542621
70542705
70542706
70542732
70542769
70542771
70542777
70542783
70542885
70542911
70542912
70542913
70543026
70543038
70543045
70543132
70543145
70543212
70543270
70543310
70543326
70543367
70543368
70543557
70543601
70543603
70543630
70543641
70543696
70543754
70543771
70543773
70543785
70543793
70543800
70543803
70543806
70543872
70543955
70543963
70543966
70543974
70543983
70544029
70544064
70544099
70544115
70544137
70544151
70544186
70544222
70544282
70544301
70544323
70544475
70544481
70544483
70544521
70544556
70544575
70544582
70544597
70544647
70544724
70544760
70544810
70544823
70544842
70544849
70544910
70544915
70544935
70544969
70544969
70544969
70544974
70545007
70545011
70545043
70545061
70545082
70545127
70545156
70545278
70545295
70545296
70545371
70545373
70545385
70545409
70545442
70545506
70545508
70545537
70545554
70545555
70545558
70545576
70545580
70545607
70545686
70545717
70545718
70545852
70545903
70545918
70545950
70546059
70546077
70546078
70546094
70546121
70546153
70546353
70546493
70546521
70546542
70546668
70546680
70546712
70546751
70546754
70546770
70546774
70546776
70546849
70546849
70546883
70546887
70546890
70546895
70546939
70546958
70546958
70547020
70547090
70547114
70547116
70547117
70547121
70547175
70547201
70547229
70547350
70547350
70547351
70547406
70547477
70547540
70547540
70547591
70547638
70547658
70547682
70547682
70547716
70547751
70547765
70547766
70547814
70547828
70547878
70547888
70547971
70547985
70548095
70548134
70548137
70548199
70548260
70548333
70548335
70548377
70548609
70548631
70548712
70548788
70548870
70548919
70548948
70548982
70548992
70549006
70549084
70549121
70549197
70549231
70549233
70549234
70549292
70549327
70549342
70549346
70549348
70549390
70549449
70549456
70549522
70549527
70549565
70549592
70549644
70549684
70549760
70549762
70549780
70549782
70549802
70549828
70549831
70549863
70549863
70549881
70549896
70549936
70549942
70550003
70550013
70550017
70550064
70550093
70550139
70550167
70550169
70550183
70550211
70550216
70550248
70550252
70550304
70550327
70550333
70550340
70550400
70550425
70550439
70550454
70550481
70550485
70550508
70550530
70550608
70550609
70550639
70550649
70550709
70550734
70550767
70550846
70550871
70550930
70550935
70550945
70550977
70551029
70551075
70551075
70551119
70551144
70551160
70551194
70551195
70551275
70551303
70551307
70551386
70551440
70551440
70551446
70551466
70551480
70551486
70551562
70551565
70551573
70551591
70551635
70551687
70551698
70551706
70551774
70551786
70551879
70551880
70551910
70551912
70551913
70551917
70551918
70551920
70551920
70551952
70551957
70552001
70552022
70552115
70552116
70552118
70552118
70552199
70552207
70552210
70552218
70552225
70552237
70552305
70552308
70552308
70552348
70552350
70552355
70552423
70552457
70552469
70552495
70552496
70552500
70552508
70552532
70552560
70552567
70552594
70552707
70552779
70552785
70552787
70552841
70552857
70552870
70552871
70552878
70552948
70552958
70552964
70552971
70552977
70552988
70552998
70553047
70553069
70553114
70553160
70553180
70553216
70553264
70553265
70553294
70553360
70553375
70553390
70553418
70553424
70553428
70553448
70553460
70553577
70553577
70553594
70553759
70553760
70553760
70553798
70553814
70553915
70554094
70554099
70554157
70554163
70554204
70554251
70554345
70554350
70554353
70554355
70554398
70554401
70554451
70554456
70554496
70554505
70554568
70554715
70554715
70554812
70554825
70554830
70554898
70554929
70554932
70555050
70555104
70555139
70555170
70555254
70555305
70555308
70555402
70555445
70555451
70555488
70555503
70555514
70555588
70555633
70555634
70555657
70555704
70555724
70555784
70555817
70555869
70555928
70555931
70555966
70555982
70555991
70556007
70556008
70556022
70556059
70556074
70556115
70556122
70556139
70556156
70556157
70556165
70556190
70556192
70556201
70556303
70556322
70556360
70556402
70556404
70556436
70556500
70556513
70556514
70556518
70556564
70556601
70556635
70556650
70556707
70556744
70556766
70556847
70556860
70556872
70556905
70556905
70556994
70556999
70557021
70557030
70557111
70557115
70557254
70557259
70557260
70557262
70557264
70557342
70557366
70557385
70557386
70557412
70557412
70557412
70557412
70557492
70557494
70557510
70557593
70557615
70557627
70557669
70557743
70557743
70557779
70557780
70557823
70557845
70557967
70557979
70558036
70558102
70558106
70558117
70558170
70558191
70558195
70558207
70558222
70558267
70558284
70558293
70558321
70558322
70558357
70558359
70558409
70558421
70558428
70558505
70558511
70558557
70558640
70558646
70558691
70558771
70558802
70558822
70558825
70558871
70558907
70558947
70558972
70559029
70559035
70559052
70559097
70559109
70559158
70559199
70559202
70559209
70559210
70559276
70559306
70559334
70559458
70559528
70559586
70559591
70559633
70559654
70559673
70559679
70559697
70559798
70559853
70559868
70559917
70559920
70559974
70559993
70560073
70560073
70560094
70560109
70560123
70560233
70560235
70560250
70560337
70560340
70560408
70560445
70560474
70560478
70560480
70560481
70560595
70560613
70560646
70560650
70560798
70560888
70560932
70560955
70561005
70561037
70561106
70561172
70561233
70561259
70561272
70561289
70561325
70561406
70561459
70561463
70561486
70561538
70561598
70561620
70561678
70561695
70561706
70561711
70561716
70561729
70561928
70561935
70562036
70562051
70562069
70562137
70562182
70562227
70562262
70562281
70562306
70562454
70562457
70562465
70562524
70562582
70562606
70562808
70562848
70562893
70562929
70562952
70563001
70563020
70563027
70563063
70563103
70563159
70563165
70563192
70563236
70563305
70563306
70563307
70563337
70563443
70563521
70563530
70563576
70563579
70563596
70563617
70563626
70563671
70563718
70563778
70563781
70563820
70563833
70563909
70563939
70563965
70564046
70564088
70564149
70564150
70564174
70564196
70564275
70564342
70564441
70564454
70564460
70564478
70564549
70564582
70564632
70564672
70564673
70564770
70564837
70564869
70564869
70564880
70564880
70564921
70564943
70564949
70564987
70565085
70565095
70565138
70565159
70565190
70565202
70565227
70565322
70565355
70565362
70565390
70565398
70565462
70565470
70565473
70565490
70565490
70565550
70565580
70565628
70565661
70565683
70565698
70565702
70565703
70565708
70565771
70565787
70565788
70565804
70565914
70565924
70565954
70565956
70566040
70566052
70566100
70566147
70566207
70566211
70566223
70566294
70566330
70566359
70566398
70566414
70566472
70566508
70566541
70566594
70566620
70566666
70566723
70566813
70566817
70566850
70566886
70566909
70566935
70566964
70567020
70567027
70567030
70567272
70567274
70567290
70567293
70567311
70567330
70567414
70567427
70567593
70567639
70567647
70567647
70567648
70567666
70567671
70567698
70567698
70567765
70567788
70567843
70567884
70567894
70567908
70567932
70567936
70567937
70567958
70567985
70568055
70568072
70568089
70568152
70568203
70568225
70568283
70568313
70568327
70568367
70568389
70568395
70568397
70568416
70568430
70568453
70568454
70568466
70568572
70568600
70568631
70568657
70568677
70568679
70568680
70568680
70568690
70568728
70568753
70568790
70568816
70568897
70568900
70568920
70568948
70568949
70568995
70569037
70569054
70569099
70569245
70569258
70569269
70569362
70569373
70569388
70569393
70569401
70569411
70569457
70569540
70569560
70569570
70569584
70569632
70569633
70569635
70569677
70569724
70569734
70569756
70569756
70569783
70569800
70569827
70569853
70569853
70569873
70569874
70569940
70570078
70570094
70570099
70570129
70570189
70570218
70570221
70570253
70570256
70570268
70570284
70570376
70570394
70570408
70570424
70570427
70570430
70570528
70570637
70570680
70570739
70570798
70570836
70570865
70570934
70570938
70570979
70570980
70570988
70571030
70571045
70571054
70571121
70571195
70571255
70571262
70571301
70571349
70571369
70571370
70571370
70571469
70571471
70571478
70571508
70571509
70571547
70571593
70571657
70571657
70571680
70571698
70571741
70571747
70571949
70571962
70571963
70571988
70571990
70572034
70572063
70572107
70572121
70572127
70572157
70572220
70572280
70572319
70572349
70572349
70572372
70572375
70572440
70572458
70572468
70572475
70572493
70572557
70572572
70572646
70572674
70572829
70572846
70572888
70572924
70572973
70572998
70573185
70573230
70573336
70573363
70573389
70573432
70573434
70573451
70573457
70573475
70573501
70573568
70573569
70573573
70573576
70573640
70573678
70573678
70573797
70573798
70573875
70573909
70573973
70574008
70574024
70574042
70574073
70574081
70574107
70574108
70574131
70574136
70574158
70574208
70574232
70574245
70574318
70574349
70574364
70574426
70574443
70574487
70574555
70574660
70574698
70574751
70574760
70574807
70574829
70574867
70574869
70574899
70574996
70575002
70575003
70575015
70575084
70575190
70575191
70575195
70575230
70575234
70575235
70575265
70575281
70575291
70575366
70575366
70575388
70575392
70575440
70575446
70575515
70575532
70575554
70575554
70575581
70575583
70575586
70575586
70575637
70575643
70575650
70575651
70575753
70575754
70575773
70575774
70575783
70575816
70575858
70575859
70575892
70575941
70575949
70575954
70575987
70576051
70576113
70576128
70576145
70576190
70576284
70576297
70576316
70576330
70576372
70576451
70576452
70576486
70576521
70576524
70576530
70576555
70576592
70576626
70576700
70576707
70576723
70576770
70576779
70576781
70576812
70576833
70576836
70576889
70576891
70576927
70576948
70576948
70576948
70576986
70577111
70577114
70577122
70577144
70577147
70577162
70577194
70577213
70577232
70577237
70577248
70577282
70577308
70577324
70577350
70577391
70577392
70577408
70577464
70577549
70577568
70577600
70577613
70577638
70577770
70577774
70577777
70577778
70577808
70577809
70577868
70577877
70577887
70577896
70577956
70577966
70577971
70578001
70578017
70578023
70578075
70578077
70578079
70578251
70578293
70578296
70578299
70578300
70578326
70578341
70578361
70578366
70578367
70578368
70578382
70578411
70578469
70578518
70578523
70578565
70578581
70578586
70578632
70578676
70578686
70578687
70578690
70578696
70578707
70578760
70578795
70578797
70578804
70578822
70578832
70578839
70578891
70578924
70578927
70578972
70578972
70578973
70579052
70579065
70579106
70579107
70579111
70579151
70579220
70579223
70579259
70579275
70579275
70579294
70579345
70579375
70579408
70579601
70579682
70579703
70579719
70579737
70579737
70579814
70579820
70579934
70579972
70579996
70580016
70580025
70580034
70580063
70580064
70580089
70580138
70580146
70580166
70580226
70580236
70580238
70580334
70580392
70580446
70580475
70580481
70580502
70580508
70580519
70580539
70580645
70580706
70580707
70580718
70580736
70580841
70580843
70580851
70580908
70580918
70580918
70580926
70581011
70581026
70581028
70581054
70581065
70581085
70581090
70581114
70581123
70581146
70581201
70581249
70581251
70581271
70581275
70581333
70581347
70581361
70581401
70581458
70581491
70581547
70581576
70581611
70581615
70581638
70581691
70581786
70581860
70581874
70581900
70581929
70581952
70581952
70581963
70581967
70581978
70581989
70582003
70582016
70582090
70582199
70582203
70582208
70582218
70582218
70582254
70582307
70582317
70582317
70582317
70582349
70582372
70582389
70582394
70582540
70582543
70582551
70582551
70582588
70582595
70582634
70582684
70582689
70582692
70582702
70582805
70582805
70582823
70582883
70582905
70582968
70582980
70582987
70583000
70583018
70583027
70583067
70583146
70583179
70583196
70583217
70583221
70583243
70583285
70583307
70583352
70583371
70583408
70583409
70583460
70583520
70583521
70583537
70583560
70583581
70583621
70583630
70583648
70583685
70583702
70583713
70583718
70583722
70583724
70583736
70583802
70583818
70583823
70583841
70583902
70583921
70583968
70583970
70583975
70584002
70584024
70584072
70584077
70584081
70584083
70584086
70584089
70584101
70584123
70584124
70584137
70584187
70584196
70584229
70584242
70584315
70584317
70584317
70584351
70584360
70584395
70584395
70584453
70584525
70584526
70584585
70584600
70584626
70584647
70584675
70584738
70584764
70584937
70584945
70584968
70584988
70585002
70585007
70585047
70585066
70585081
70585126
70585164
70585228
70585239
70585268
70585269
70585316
70585340
70585343
70585353
70585358
70585359
70585436
70585468
70585508
70585552
70585588
70585688
70585700
70585741
70585741
70585774
70585775
70585884
70585903
70585908
70585949
70585949
70585977
70585983
70585984
70586009
70586018
70586030
70586084
70586211
70586228
70586234
70586239
70586307
70586330
70586345
70586366
70586367
70586368
70586450
70586456
70586475
70586477
70586481
70586508
70586550
70586754
70586757
70586759
70586813
70586855
70586939
70586961
70587052
70587072
70587147
70587148
70587284
70587284
70587295
70587308
70587388
70587399
70587462
70587480
70587514
70587551
70587599
70587647
70587666
70587669
70587701
70587705
70587709
70587715
70587717
70587761
70587773
70587803
70587916
70587925
70587932
70587933
70587950
70587984
70588008
70588101
70588147
70588153
70588170
70588191
70588287
70588425
70588458
70588480
70588500
70588517
70588532
70588534
70588559
70588585
70588592
70588592
70588619
70588773
70588825
70588860
70588868
70588876
70588989
70589008
70589034
70589082
70589114
70589116
70589155
70589193
70589224
70589376
70589383
70589396
70589401
70589410
70589411
70589447
70589494
70589495
70589518
70589540
70589546
70589548
70589620
70589647
70589683
70589696
70589709
70589713
70589829
70589840
70589925
70589988
70590011
70590023
70590118
70590130
70590132
70590167
70590231
70590243
70590244
70590257
70590260
70590359
70590362
70590411
70590466
70590485
70590497
70590512
70590512
70590513
70590569
70590661
70590681
70590754
70590820
70590826
70590840
70590899
70590972
70591078
70591090
70591090
70591189
70591195
70591276
70591294
70591326
70591357
70591366
70591505
70591612
70591623
70591664
70591665
70591722
70591727
70591764
70591784
70591794
70591827
70591870
70591903
70591905
70591913
70591935
70591967
70591993
70592054
70592057
70592058
70592145
70592153
70592215
70592248
70592265
70592303
70592303
70592325
70592369
70592452
70592453
70592478
70592484
70592540
70592602
70592694
70592705
70592741
70592772
70592793
70592801
70592881
70592886
70592972
70592996
70593035
70593056
70593057
70593072
70593094
70593148
70593158
70593174
70593187
70593187
70593188
70593248
70593272
70593278
70593280
70593395
70593457
70593535
70593584
70593594
70593598
70593617
70593617
70593668
70593713
70593736
70593742
70593821
70593869
70593887
70593913
70594004
70594011
70594020
70594043
70594102
70594104
70594109
70594118
70594174
70594174
70594174
70594222
70594224
70594225
70594263
70594291
70594306
70594351
70594423
70594427
70594504
70594528
70594538
70594571
70594646
70594661
70594683
70594737
70594747
70594772
70594780
70594808
70594814
70594837
70594876
70594877
70594880
70594934
70594968
70594996
70595043
70595077
70595085
70595095
70595095
70595137
70595137
70595189
70595209
70595226
70595286
70595305
70595316
70595347
70595392
70595393
70595397
70595444
70595460
70595474
70595498
70595530
70595553
70595555
70595583
70595634
70595679
70595707
70595715
70595716
70595718
70595781
70595828
70595828
70595899
70595900
70595918
70595996
70596030
70596031
70596033
70596034
70596035
70596044
70596076
70596109
70596122
70596122
70596144
70596157
70596178
70596178
70596205
70596212
70596213
70596213
70596225
70596265
70596302
70596302
70596337
70596367
70596380
70596391
70596452
70596476
70596477
70596537
70596543
70596549
70596553
70596569
70596589
70596646
70596675
70596681
70596682
70596715
70596771
70596789
70596803
70596816
70596859
70596871
70596879
70596879
70596985
70596990
70597128
70597158
70597196
70597211
70597374
70597424
70597443
70597481
70597532
70597599
70597618
70597619
70597633
70597634
70597689
70597699
70597750
70597831
70597847
70597857
70597872
70597894
70597929
70597930
70597950
70597958
70598059
70598060
70598073
70598119
70598166
70598270
70598283
70598308
70598314
70598327
70598331
70598378
70598401
70598426
70598431
70598448
70598472
70598479
70598497
70598516
70598645
70598649
70598691
70598699
70598736
70598806
70598827
70598888
70598933
70599003
70599009
70599011
70599016
70599059
70599073
70599140
70599141
70599177
70599192
70599242
70599325
70599363
70599367
70599469
70599476
70599486
70599506
70599509
70599526
70599566
70599569
70599586
70599587
70599620
70599667
70599678
70599691
70599736
70599755
70599765
70599797
70599836
70599837
70599841
70599862
70599874
70599880
70599902
70599945
70599966
70599994
70600030
70600056
70600141
70600156
70600179
70600181
70600283
70600287
70600289
70600292
70600337
70600365
70600366
70600411
70600462
70600464
70600571
70600573
70600591
70600649
70600683
70600688
70600814
70600916
70601004
70601020
70601020
70601044
70601079
70601201
70601284
70601316
70601359
70601387
70601422
70601424
70601461
70601469
70601535
70601583
70601584
70601591
70601611
70601636
70601640
70601653
70601690
70601716
70601735
70601758
70601768
70601768
70601769
70601808
70601868
70601873
70601873
70601933
70602063
70602163
70602296
70602357
70602560
70602625
70602647
70602653
70602700
70602778
70602779
70602806
70602807
70602825
70602867
70602904
70602904
70602942
70602943
70602985
70602988
70603059
70603095
70603100
70603240
70603284
70603298
70603300
70603438
70603447
70603524
70603528
70603574
70603579
70603688
70603706
70603777
70603790
70603899
70603936
70603937
70603977
70603978
70604006
70604037
70604038
70604083
70604110
70604117
70604128
70604158
70604228
70604234
70604250
70604270
70604314
70604348
70604349
70604376
70604383
70604490
70604493
70604494
70604494
70604519
70604541
70604558
70604576
70604605
70604630
70604649
70604649
70604671
70604724
70604767
70604768
70604811
70604812
70604867
70604875
70604907
70605101
70605190
70605198
70605237
70605304
70605324
70605350
70605381
70605420
70605489
70605490
70605517
70605583
70605584
70605586
70605587
70605611
70605675
70605800
70605841
70605909
70606108
70606123
70606144
70606145
70606189
70606213
70606300
70606316
70606348
70606500
70606516
70606516
70606565
70606606
70606640
70606661
70606692
70606695
70606727
70606732
70606732
70606759
70606829
70606851
70606855
70606929
70607033
70607036
70607036
70607136
70607174
70607237
70607261
70607261
70607286
70607347
70607446
70607574
70607636
70607647
70607675
70607680
70607793
70607854
70607868
70607935
70607945
70607949
70608004
70608009
70608010
70608111
70608114
70608120
70608155
70608192
70608245
70608322
70608336
70608338
70608345
70608352
70608362
70608398
70608398
70608399
70608446
70608493
70608496
70608524
70608529
70608615
70608724
70608731
70608770
70608770
70608843
70608865
70608928
70609150
70609250
70609371
70609391
70609468
70609485
70609505
70609514
70609543
70609544
70609580
70609594
70609598
70609621
70609638
70609726
70609736
70609757
70609758
70609824
70609847
70609847
70609933
70609937
70609946
70609970
70610077
70610078
70610158
70610190
70610245
70610265
70610271
70610385
70610418
70610426
70610440
70610462
70610511
70610523
70610529
70610535
70610587
70610626
70610755
70610770
70610797
70610811
70610871
70611001
70611075
70611144
70611146
70611180
70611386
70611390
70611393
70611407
70611466
70611491
70611492
70611493
70611496
70611573
70611592
70611627
70611677
70611711
70611751
70611792
70611810
70611814
70611855
70611901
70611937
70611955
70612011
70612075
70612112
70612230
70612276
70612350
70612359
70612455
70612465
70612562
70612625
70612626
70612659
70612662
70612734
70612734
70612735
70612740
70612765
70612801
70612833
70612890
70612985
70612991
70612993
70613094
70613124
70613133
70613138
70613181
70613186
70613253
70613303
70613304
70613304
70613304
70613307
70613338
70613454
70613482
70613533
70613538
70613582
70613603
70613627
70613631
70613714
70613759
70613762
70613768
70613786
70613794
70613814
70613843
70613909
70613966
70613974
70613976
70613976
70613976
70613978
70614022
70614147
70614156
70614213
70614273
70614300
70614321
70614325
70614393
70614402
70614406
70614425
70614441
70614443
70614453
70614470
70614559
70614566
70614572
70614604
70614698
70614723
70614767
70614842
70614902
70614948
70614955
70614972
70615005
70615054
70615059
70615241
70615299
70615403
70615404
70615406
70615443
70615463
70615476
70615492
70615616
70615618
70615687
70615749
70615750
70615832
70615844
70615844
70615846
70615863
70615901
70615918
70615943
70616028
70616044
70616048
70616244
70616249
70616258
70616259
70616266
70616333
70616333
70616341
70616390
70616504
70616509
70616540
70616540
70616559
70616568
70616619
70616656
70616698
70616709
70616876
70616894
70616918
70617013
70617063
70617103
70617125
70617125
70617125
70617197
70617199
70617219
70617257
70617306
70617334
70617342
70617363
70617381
70617526
70617532
70617541
70617542
70617557
70617598
70617610
70617625
70617903
70617937
70617951
70618039
70618120
70618172
70618174
70618229
70618231
70618308
70618366
70618391
70618406
70618426
70618427
70618430
70618572
70618572
70618719
70618768
70618846
70618867
70618898
70619063
70619094
70619139
70619142
70619157
70619179
70619266
70619301
70619346
70619364
70619383
70619440
70619479
70619666
70619692
70619737
70619868
70619897
70619911
70620034
70620036
70620119
70620220
70620317
70620340
70620434
70620444
70620446
70620448
70620496
70620541
70620542
70620546
70620547
70620628
70620764
70620767
70620778
70620897
70620898
70620912
70620916
70620935
70620982
70621106
70621110
70621212
70621215
70621288
70621364
70621392
70621398
70621447
70621498
70621653
70621692
70621773
70621875
70621904
70621904
70622009
70622031
70622074
70622076
70622081
70622148
70622215
70622222
70622229
70622255
70622257
70622309
70622311
70622312
70622358
70622444
70622504
70622515
70622549
70622567
70622590
70622611
70622617
70622740
70622775
70622826
70622883
70622889
70622963
70622977
70622983
70623036
70623090
70623115
70623134
70623151
70623211
70623254
70623281
70623298
70623315
70623328
70623339
70623407
70623424
70623441
70623471
70623472
70623472
70623475
70623555
70623558
70623559
70623608
70623634
70623741
70623805
70623856
70623887
70623906
70623946
70624051
70624057
70624064
70624146
70624174
70624202
70624264
70624384
70624426
70624436
70624473
70624510
70624518
70624732
70624772
70624873
70624959
70624963
70624997
70625017
70625063
70625063
70625063
70625116
70625129
70625176
70625211
70625235
70625249
70625359
70625501
70625515
70625542
70625604
70625608
70625617
70625646
70625678
70625682
70625705
70625734
70625738
70625762
70625779
70625818
70625898
70626107
70626132
70626149
70626150
70626262
70626266
70626356
70626374
70626462
70626525
70626528
70626560
70626578
70626612
70626676
70626690
70626739
70626754
70626773
70626783
70626796
70626833
70626881
70627049
70627078
70627078
70627148
70627166
70627224
70627246
70627257
70627344
70627367
70627388
70627444
70627444
70627504
70627557
70627563
70627681
70627808
70627823
70627852
70627852
70627881
70627894
70628033
70628120
70628231
70628310
70628351
70628411
70628511
70628569
70628641
70628641
70628671
70628677
70628888
70628912
70628941
70629014
70629065
70629119
70629127
70629138
70629141
70629232
70629271
70629291
70629307
70629328
70629333
70629417
70629430
70629570
70629590
70629622
70629655
70629692
70629714
70629767
70629782
70629820
70629851
70629864
70629932
70629953
70630166
70630168
70630176
70630203
70630264
70630265
70630377
70630377
70630464
70630475
70630508
70630558
70630623
70630635
70630672
70630810
70630850
70630850
70630942
70630953
70630974
70631119
70631132
70631197
70631225
70631436
70631530
70631547
70631572
70631628
70631668
70631709
70631713
70631725
70631729
70631729
70631830
70631852
70631872
70631923
70632026
70632055
70632126
70632135
70632151
70632225
70632225
70632246
70632262
70632289
70632362
70632380
70632444
70632457
70632473
70632644
70632686
70632703
70632705
70632734
70632749
70632904
70632914
70632923
70632935
70633028
70633028
70633052
70633083
70633183
70633184
70633251
70633330
70633453
70633537
70633559
70633704
70633711
70633716
70633793
70633879
70633913
70633922
70633927
70633935
70633961
70633970
70633971
70633972
70634004
70634074
70634108
70634261
70634270
70634334
70634343
70634344
70634404
70634413
70634474
70634527
70634576
70634686
70634766
70634766
70634815
70634847
70634982
70635001
70635024
70635067
70635067
70635086
70635088
70635097
70635153
70635238
70635257
70635394
70635433
70635464
70635518
70635520
70635539
70635543
70635544
70635545
70635565
70635648
70635833
70635848
70635928
70636028
70636140
70636177
70636253
70636278
70636289
70636323
70636350
70636408
70636448
70636451
70636497
70636519
70636525
70636631
70636724
70636751
70636758
70636808
70636812
70636857
70636858
70636867
70636989
70637010
70637012
70637024
70637034
70637036
70637041
70637141
70637227
70637297
70637326
70637365
70637409
70637457
70637463
70637480
70637530
70637591
70637605
70637613
70637637
70637688
70637725
70637739
70637791
70637799
70637809
70637902
70637905
70637949
70637995
70638000
70638054
70638070
70638091
70638108
70638108
70638122
70638169
70638181
70638223
70638255
70638300
70638406
70638419
70638438
70638470
70638524
70638569
70638572
70638599
70638765
70638799
70638837
70638840
70638853
70638889
70638892
70638912
70638970
70639033
70639057
70639070
70639167
70639206
70639209
70639210
70639213
70639264
70639264
70639344
70639358
70639359
70639400
70639406
70639422
70639426
70639549
70639662
70639695
70639766
70639816
70639817
70639835
70639853
70639857
70639895
70639903
70639941
70639954
70639957
70640015
70640023
70640028
70640042
70640148
70640164
70640172
70640245
70640293
70640406
70640501
70640521
70640522
70640707
70640707
70640896
70640915
70640916
70640942
70640993
70640993
70641015
70641111
70641119
70641122
70641132
70641353
70641353
70641455
70641458
70641462
70641613
70641719
70641775
70641865
70641889
70641957
70641982
70642091
70642143
70642163
70642183
70642197
70642201
70642256
70642262
70642502
70642615
70642675
70642692
70642693
70642804
70642843
70642876
70642955
70642965
70642976
70642980
70643003
70643049
70643063
70643067
70643074
70643078
70643280
70643313
70643313
70643348
70643352
70643420
70643515
70643592
70643614
70643646
70643654
70643739
70643760
70643823
70643860
70643865
70643895
70643896
70643900
70644022
70644114
70644227
70644301
70644390
70644407
70644408
70644440
70644440
70644623
70644627
70644693
70644702
70644713
70644724
70644744
70644751
70644824
70645078
70645191
70645308
70645357
70645444
70645444
70645480
70645481
70645545
70645553
70645561
70645615
70645635
70645639
70645673
70645674
70645697
70645712
70645713
70645728
70645844
70646001
70646010
70646108
70646179
70646221
70646349
70646354
70646354
70646405
70646512
70646701
70646765
70646776
70646817
70647095
70647150
70647271
70647277
70647410
70647519
70647616
70647707
70647774
70647833
70647841
70647941
70648095
70648122
70648124
70648156
70648466
70648486
70648545
70648553
70648665
70648798
70648803
70648857
70649014
70649075
70649082
70649118
70649209
70649215
70649327
70649425
70649493
70649593
70649598
70649646
70649747
70649759
70649919
70650054
70650063
70650096
70650215
70650256
70650257
70650552
70650606
70650614
70650615
70650643
70650675
70650719
70650754
70650941
70651036
70651080
70651289
70651297
70651436
70651616
70651684
70651722
70651790
70651854
70651883
70651980
70651985
70652026
70652044
70652066
70652090
70652195
70652367
70652384
70652390
70652394
70652406
70652415
70652466
70652562
70652574
70652700
70652705
70652750
70652754
70652775
70652809
70652810
70652850
70652867
70652902
70652992
70653250
70653254
70653284
70653286
70653473
70653535
70653548
70653579
70653791
70653809
70653837
70653905
70654002
70654052
70654170
70654173
70654248
70654249
70654415
70654424
70654474
70654494
70654545
70654580
70654598
70654703
70654736
70654785
70654792
70654844
70654879
70654881
70654907
70654953
70655070
70655128
70655133
70655136
70655234
70655262
70655286
70655339
70655384
70655417
70655420
70655635
70655696
70655712
70655883
70655914
70656073
70656097
70656156
70656201
70656259
70656310
70656403
70656584
70656585
70656756
70656929
70657085
70657116
70657207
70657308
70657400
70657407
70657415
70657563
70657563
70657679
70657786
70657822
70657944
70657984
70657992
70658001
70658002
70658072
70658116
70658148
70658177
70658287
70658399
70658494
70658561
70658611
70658716
70658731
70658752
70658895
70659069
70659076
70659094
70659104
70659146
70659202
70659277
70659379
70659380
70659429
70659459
70659573
70659696
70659721
70659798
70659819
70659923
70659930
70659933
70659943
70659950
70660017
70660054
70660057
70660063
70660129
70660215
70660217
70660240
70660303
70660340
70660356
70660359
70660436
70660471
70660510
70660553
70660802
70660809
70660997
70661097
70661132
70661163
70661169
70661268
70661307
70661476
70661582
70661771
70661855
70661912
70662034
70662211
70662293
70662326
70662331
70662378
70662395
70662407
70662482
70662502
70662528
70662537
70662684
70662713
70662738
70662752
70662784
70662838
70662847
70663005
70663064
70663079
70663125
70663226
70663233
70663237
70663260
70663324
70663367
70663426
70663442
70663526
70663677
70663680
70663715
70663761
70663813
70663814
70664026
70664125
70664182
70664194
70664200
70664201
70664245
70664277
70664332
70664358
70664436
70664436
70664495
70664508
70664732
70664734
70664822
70664889
70664899
70665201
70665217
70665225
70665225
70665226
70665305
70665306
70665362
70665386
70665463
70665485
70665488
70665489
70665522
70665649
70665730
70665755
70665756
70665778
70665880
70665882
70665906
70665941
70665953
70665964
70666024
70666034
70666135
70666159
70666175
70666176
70666177
70666179
70666193
70666197
70666198
70666198
70666236
70666272
70666291
70666340
70666457
70666464
70666485
70666489
70666523
70666593
70666610
70666610
70666683
70666709
70666728
70666791
70666796
70666796
70666846
70666889
70666898
70666942
70667003
70667016
70667121
70667133
70667277
70667344
70667347
70667371
70667458
70667468
70667509
70667562
70667563
70667600
70667769
70667769
70667769
70667774
70667893
70667965
70667971
70667971
70668072
70668072
70668159
70668267
70668287
70668476
70668563
70668564
70668588
70668607
70668722
70668798
70668810
70668874
70668901
70669092
70669100
70669162
70669203
70669295
70669374
70669403
70669574
70669625
70669651
70669664
70669751
70669875
70669900
70669970
70669999
70670067
70670098
70670198
70670213
70670231
70670335
70670424
70670465
70670534
70670539
70670747
70670763
70670772
70670783
70670801
70670920
70670946
70670978
70671084
70671126
70671195
70671203
70671240
70671290
70671298
70671298
70671319
70671376
70671406
70671408
70671441
70671521
70671583
70671609
70671795
70671812
70671922
70672030
70672032
70672149
70672313
70672342
70672348
70672449
70672484
70672484
70672528
70672573
70672578
70672697
70672733
70672871
70672884
70673072
70673171
70673187
70673200
70673267
70673309
70673341
70673437
70673543
70673557
70673601
70673668
70673680
70673716
70673766
70673844
70673939
70673996
70674181
70674197
70674238
70674246
70674282
70674292
70674294
70674297
70674386
70674400
70674476
70674624
70674633
70674726
70674893
70674958
70674967
70675091
70675109
70675157
70675192
70675260
70675304
70675310
70675345
70675354
70675413
70675461
70675526
70675568
70675615
70675681
70675907
70675993
70676023
70676064
70676080
70676103
70676110
70676138
70676143
70676169
70676170
70676194
70676200
70676211
70676339
70676424
70676443
70676750
70676757
70676760
70676809
70676809
70676879
70676917
70676940
70676995
70676998
70677106
70677163
70677207
70677412
70677521
70677561
70677678
70677682
70677707
70677766
70677810
70677856
70677916
70678030
70678183
70678245
70678263
70678288
70678343
70678405
70678488
70678618
70678639
70678646
70678756
70678812
70678923
70678940
70679002
70679078
70679101
70679135
70679195
70679269
70679279
70679414
70679423
70679599
70679653
70679683
70679779
70679917
70679931
70679946
70680017
70680115
70680160
70680275
70680307
70680379
70680459
70680478
70680538
70680585
70680650
70680714
70680762
70680768
70680802
70680943
70681026
70681102
70681110
70681274
70681321
70681337
70681345
70681466
70681510
70681535
70681546
70681567
70681582
70681640
70681690
70681747
70681870
70681903
70681913
70681919
70681994
70682020
70682291
70682311
70682319
70682340
70682399
70682407
70682531
70682531
70682540
70682540
70682540
70682576
70682622
70682664
70682665
70682688
70682748
70682770
70682848
70683058
70683134
70683136
70683147
70683302
70683314
70683345
70683345
70683354
70683429
70683433
70683443
70683488
70683519
70683547
70683632
70683688
70683735
70683737
70683746
70683746
70683805
70683848
70683852
70683864
70684081
70684171
70684172
70684302
70684398
70684454
70684455
70684520
70684744
70684752
70684850
70684860
70684861
70684883
70684956
70684989
70685038
70685046
70685127
70685212
70685305
70685308
70685390
70685484
70685659
70685921
70686024
70686031
70686114
70686143
70686253
70686362
70686502
70686585
70686675
70686685
70686827
70686938
70686947
70686998
70687036
70687038
70687057
70687098
70687132
70687176
70687265
70687265
70687313
70687316
70687360
70687454
70687598
70687707
70687707
70687818
70687866
70687872
70687879
70687911
70687942
70687950
70687998
70688147
70688156
70688211
70688253
70688326
70688422
70688460
70688461
70688742
70688742
70688752
70688844
70688900
70689037
70689062
70689105
70689198
70689202
70689294
70689411
70689508
70689508
70689588
70689639
70689640
70689647
70689748
70689765
70689813
70689846
70689856
70689875
70689897
70689897
70689957
70690030
70690129
70690253
70690368
70690392
70690431
70690443
70690444
70690445
70690445
70690446
70690447
70690448
70690465
70690523
70690568
70690629
70690668
70690677
70690713
70690714
70690724
70690818
70690818
70690837
70690890
70690891
70690974
70691084
70691267
70691284
70691299
70691388
70691403
70691500
70691519
70691541
70691621
70691632
70691713
70691750
70691755
70691870
70691873
70691878
70691949
70691966
70692011
70692094
70692121
70692256
70692284
70692308
70692322
70692360
70692467
70692470
70692533
70692536
70692537
70692537
70692537
70692632
70692772
70692857
70692909
70692911
70692931
70693133
70693133
70693140
70693145
70693382
70693461
70693480
70693541
70693557
70693590
70693623
70693804
70693812
70693812
70693819
70694117
70694119
70694130
70694232
70694255
70694341
70694373
70694379
70694416
70694472
70694543
70694577
70694579
70694606
70694707
70694727
70694906
70695048
70695091
70695267
70695403
70695537
70695598
70695620
70695649
70695687
70695711
70695714
70695763
70695822
70695824
70695843
70695893
70695969
70695989
70696007
70696081
70696148
70696157
70696172
70696204
70696212
70696293
70696294
70696296
70696344
70696400
70696402
70696623
70696666
70696714
70696746
70696826
70696828
70696830
70696884
70696893
70696965
70697123
70697162
70697200
70697217
70697288
70697326
70697363
70697389
70697396
70697470
70697473
70697613
70697664
70697669
70697701
70697727
70697770
70697770
70697827
70697863
70697926
70697927
70698001
70698065
70698068
70698093
70698142
70698145
70698174
70698240
70698269
70698320
70698384
70698401
70698404
70698450
70698497
70698687
70698707
70698728
70698748
70698764
70699030
70699104
70699157
70699171
70699202
70699274
70699285
70699285
70699383
70699389
70699395
70699458
70699573
70699705
70699746
70699805
70699814
70699948
70700099
70700105
70700134
70700158
70700184
70700203
70700261
70700293
70700511
70700606
70700633
70700842
70700873
70700891
70700935
70701074
70701086
70701212
70701337
70701381
70701470
70701529
70701814
70701938
70701982
70702079
70702133
70702311
70702358
70702405
70702447
70702456
70702539
70702592
70702726
70702834
70702870
70702908
70703039
70703381
70703391
70703406
70703406
70703485
70703604
70703615
70703666
70703668
70703675
70703715
70703783
70703822
70703886
70703931
70703934
70703934
70704079
70704103
70704152
70704174
70704287
70704318
70704319
70704326
70704415
70704496
70704517
70704566
70704618
70704625
70704694
70704753
70704829
70704860
70704863
70704968
70704994
70705089
70705089
70705092
70705107
70705166
70705221
70705225
70705228
70705252
70705295
70705327
70705423
70705426
70705430
70705468
70705497
70705514
70705644
70705656
70705709
70705730
70705733
70705872
70705941
70706008
70706035
70706065
70706065
70706097
70706111
70706148
70706246
70706289
70706333
70706340
70706381
70706425
70706463
70706503
70706527
70706540
70706562
70706624
70706641
70706708
70706923
70707014
70707117
70707124
70707249
70707264
70707280
70707348
70707455
70707661
70707676
70707751
70707874
70707875
70707889
70707889
70707890
70708011
70708103
70708247
70708268
70708279
70708361
70708375
70708560
70708588
70708599
70708650
70708692
70708729
70708773
70708790
70708947
70709009
70709087
70709147
70709241
70709246
70709294
70709360
70709364
70709365
70709365
70709366
70709371
70709472
70709472
70709560
70709560
70709696
70709731
70709818
70709845
70709922
70709948
70709948
70710054
70710160
70710200
70710220
70710262
70710263
70710320
70710420
70710426
70710429
70710497
70710534
70710539
70710541
70710573
70710640
70710739
70710752
70710761
70710762
70710832
70710838
70710886
70710947
70710956
70711017
70711082
70711099
70711141
70711198
70711320
70711333
70711335
70711385
70711392
70711445
70711492
70711497
70711515
70711533
70711545
70711620
70711622
70711640
70711663
70711711
70711711
70711786
70711786
70711787
70711883
70712310
70712358
70712388
70712487
70712540
70712578
70712606
70712840
70712888
70712891
70713054
70713056
70713061
70713235
70713283
70713286
70713314
70713316
70713318
70713321
70713322
70713452
70713490
70713493
70713532
70713595
70713735
70713775
70713869
70713875
70713897
70713950
70713986
70713997
70714002
70714064
70714065
70714106
70714126
70714128
70714129
70714197
70714222
70714235
70714236
70714322
70714327
70714327
70714352
70714483
70714486
70714491
70714801
70714944
70715038
70715048
70715132
70715191
70715203
70715237
70715331
70715418
70715422
70715436
70715437
70715510
70715646
70715646
70715756
70715785
70715816
70715818
70715826
70715925
70715937
70715939
70716106
70716167
70716187
70716188
70716195
70716357
70716501
70716525
70716607
70716619
70716828
70716869
70716935
70717026
70717033
70717034
70717110
70717212
70717264
70717267
70717311
70717335
70717386
70717470
70717505
70717596
70717597
70717597
70717655
70717705
70717768
70717785
70717795
70717903
70717959
70717995
70717999
70718019
70718214
70718219
70718300
70718318
70718324
70718350
70718513
70718647
70718656
70718692
70718732
70718743
70718773
70718854
70718868
70718872
70718872
70718914
70718937
70718956
70719040
70719044
70719058
70719058
70719063
70719075
70719104
70719235
70719239
70719307
70719350
70719350
70719355
70719356
70719380
70719403
70719410
70719412
70719455
70719570
70719687
70719766
70719826
70719835
70719853
70719856
70719908
70719950
70719951
70719951
70719952
70719952
70720052
70720054
70720079
70720132
70720148
70720247
70720249
70720320
70720341
70720352
70720391
70720540
70720549
70720596
70720618
70720736
70720738
70720741
70720761
70720762
70720775
70720843
70721033
70721145
70721202
70721231
70721288
70721326
70721347
70721579
70721615
70721647
70721843
70721860
70721952
70721964
70721964
70721964
70721965
70721965
70721980
70722054
70722066
70722117
70722117
70722170
70722181
70722403
70722428
70722466
70722506
70722552
70722693
70722699
70722699
70722785
70722900
70722969
70722998
70723043
70723177
70723177
70723178
70723253
70723283
70723356
70723399
70723399
70723402
70723479
70723483
70723499
70723560
70723683
70723771
70723780
70723847
70723886
70723893
70723950
70723967
70724090
70724090
70724163
70724179
70724181
70724199
70724201
70724234
70724355
70724357
70724403
70724415
70724520
70724623
70724638
70724678
70724745
70724757
70724805
70724822
70724886
70724911
70724953
70725013
70725014
70725015
70725088
70725202
70725210
70725233
70725240
70725241
70725256
70725397
70725428
70725440
70725459
70725555
70725755
70725759
70725837
70725894
70725929
70726052
70726139
70726140
70726160
70726336
70726345
70726351
70726439
70726442
70726448
70726469
70726469
70726470
70726495
70726673
70726679
70726731
70726885
70726902
70726995
70727075
70727083
70727084
70727181
70727182
70727214
70727239
70727312
70727325
70727427
70727501
70727516
70727566
70727616
70727617
70727630
70727719
70727727
70727782
70727826
70728166
70728197
70728223
70728264
70728336
70728377
70728382
70728462
70728463
70728478
70728520
70728583
70728711
70728783
70728953
70728976
70729013
70729031
70729068
70729218
70729302
70729431
70729431
70729460
70729471
70729548
70729550
70729609
70729627
70729793
70729808
70729824
70729833
70729898
70729905
70729971
70730055
70730081
70730089
70730300
70730313
70730343
70730479
70730510
70730528
70730617
70730651
70730774
70730803
70730859
70730948
70730985
70730999
70731194
70731208
70731247
70731247
70731262
70731363
70731591
70731710
70731722
70731722
70731943
70731944
70731944
70732031
70732135
70732218
70732229
70732245
70732289
70732358
70732375
70732382
70732478
70732503
70732523
70732523
70732725
70732737
70732819
70732895
70732915
70732916
70732999
70733099
70733132
70733218
70733302
70733368
70733470
70733471
70733564
70733643
70733646
70733666
70733729
70733729
70733758
70733800
70733845
70733914
70734006
70734026
70734060
70734097
70734132
70734144
70734193
70734255
70734278
70734303
70734303
70734360
70734387
70734393
70734467
70734507
70734573
70734574
70734589
70734673
70734688
70734777
70734777
70734789
70734947
70734977
70734992
70735048
70735092
70735099
70735280
70735352
70735352
70735392
70735403
70735512
70735521
70735540
70735565
70735580
70735607
70735706
70735821
70735853
70735886
70735971
70736001
70736044
70736060
70736071
70736113
70736116
70736143
70736183
70736237
70736238
70736311
70736317
70736333
70736352
70736374
70736425
70736450
70736558
70736579
70736587
70736621
70736637
70736677
70736771
70736846
70736848
70736873
70736924
70737110
70737194
70737311
70737317
70737330
70737354
70737363
70737391
70737402
70737452
70737488
70737653
70737785
70737785
70737790
70737886
70737897
70737914
70737916
70737918
70737956
70738010
70738031
70738182
70738220
70738236
70738355
70738389
70738391
70738397
70738574
70738600
70738734
70738849
70738851
70738970
70738977
70738990
70738990
70739090
70739173
70739298
70739451
70739510
70739829
70739831
70739881
70739881
70739881
70739881
70739882
70740052
70740052
70740081
70740083
70740178
70740249
70740337
70740454
70740498
70740696
70740726
70740728
70740858
70740894
70740984
70741108
70741120
70741149
70741286
70741511
70741611
70741669
70741812
70741864
70741940
70742033
70742110
70742139
70742158
70742179
70742226
70742333
70742436
70742573
70742819
70742884
70742891
70743068
70743113
70743210
70743351
70743359
70743401
70743410
70743425
70743441
70743451
70743521
70743575
70743609
70743716
70743732
70743798
70743831
70744047
70744101
70744189
70744303
70744318
70744406
70744448
70744488
70744505
70744526
70744636
70744651
70744833
70744836
70744854
70744993
70745021
70745078
70745165
70745240
70745640
70745683
70745765
70745781
70745829
70745835
70746110
70746291
70746316
70746423
70746474
70746475
70746550
70746613
70746638
70746640
70746654
70746655
70746690
70746710
70746735
70746876
70746894
70746922
70746940
70747150
70747180
70747242
70747255
70747400
70747450
70747450
70747534
70747588
70747590
70747594
70747737
70747822
70747889
70747903
70747978
70747983
70747983
70748099
70748115
70748137
70748146
70748221
70748307
70748451
70748484
70748520
70748733
70748792
70748812
70749056
70749080
70749171
70749256
70749325
70749332
70749349
70749363
70749493
70749511
70749516
70749678
70749767
70749941
70749965
70749998
70750044
70750056
70750315
70750436
70750478
70750578
70750626
70750710
70750780
70750855
70750861
70750982
70751156
70751224
70751232
70751424
70751526
70751675
70751676
70751775
70751843
70751866
70751892
70751997
70752015
70752082
70752314
70752317
70752330
70752410
70752519
70752574
70752677
70752927
70753008
70753049
70753064
70753067
70753329
70753386
70753466
70753466
70753633
70753635
70753711
70753716
70753754
70753933
70753971
70754102
70754170
70754202
70754447
70754447
70754498
70754615
70754631
70754706
70754881
70755097
70755123
70755191
70755197
70755210
70755251
70755444
70755659
70755880
70755977
70756010
70756011
70756091
70756177
70756239
70756353
70756527
70756601
70756607
70756914
70756930
70756977
70757033
70757356
70757427
70757450
70757494
70757545
70757566
70757606
70757623
70757678
70757714
70757741
70757768
70758002
70758075
70758125
70758223
70758260
70758437
70758442
70758528
70758745
70758767
70758800
70758885
70758926
70758940
70759530
70759616
70759670
70759804
70759831
70759834
70759922
70759949
70760094
70760136
70760302
70760572
70760652
70760841
70760877
70761065
70761560
70761921
70761924
70761932
70761947
70762067
70762137
70762321
70762445
70762453
70762503
70762596
70762828
70762910
70763150
70763154
70763278
70763383
70763465
70763562
70764061
70764072
70764286
70764364
70764461
70764470
70764603
70764604
70764792
70764794
70764834
70764890
70764967
70765037
70765060
70765243
70765738
70765824
70765899
70766253
70766273
70766311
70766354
70766356
70766449
70766540
70766618
70766840
70767029
70767055
70767135
70767139
70767140
70767460
70767472
70767914
70767990
70768112
70768166
70768551
70768686
70768718
70768959
70769007
70769122
70769131
70769228
70769285
70769338
70769380
70769619
70769921
70769927
70770002
70770351
70770381
70770771
70771092
70771143
70771464
70771493
70771502
70771557
70771854
70771896
70772116
70772244
70772265
70772337
70772374
70772427
70772428
70772559
70772653
70772874
70772977
70773103
70773149
70773218
70773266
70773486
70773534
70773635
70773681
70773684
70773795
70773845
70773964
70773974
70774232
70774272
70774348
70774412
70774431
70774622
70774650
70774715
70774789
70774790
70774871
70775076
70775091
70775365
70775525
70775537
70775685
70775717
70775768
70775785
70776027
70776179
70776236
70776417
70776649
70777009
70777015
70777063
70777241
70777306
70777390
70777601
70777605
70777629
70777634
70777837
70778513
70778514
70778517
70778745
70778788
70778915
70778927
70779222
70779239
70779250
70779303
70779640
70779807
70779967
70780015
70780242
70780350
70780674
70780694
70780758
70780767
70780781
70780969
70781137
70781147
70781228
70781271
70781384
70781463
70781580
70781588
70782031
70782032
70782118
70782125
70782496
70782729
70782758
70782798
70782887
70782998
70783158
70783556
70783811
70783957
70783981
70784060
70784154
70784210
70784276
70784448
70784481
70784638
70784662
70784666
70784811
70784847
70784988
70784996
70785071
70785441
70785460
70785591
70785641
70785695
70785980
70785998
70786044
70786299
70786339
70786573
70786829
70786869
70786989
70787052
70787129
70787229
70787312
70787333
70787488
70787572
70787659
70787712
70787975
70788049
70788131
70788219
70788396
70788456
70788498
70788567
70788674
70788752
70788798
70789057
70789069
70789113
70789287
70789407
70789487
70789552
70789616
70789764
70789773
70790090
70790107
70790188
70790192
70790220
70790273
70790273
70790314
70790330
70790490
70790556
70790572
70790703
70790707
70790827
70790836
70790878
70790893
70790947
70791027
70791053
70791170
70791322
70791331
70791427
70791675
70791786
70791788
70791827
70791841
70791861
70791942
70791960
70792027
70792053
70792107
70792117
70792187
70792275
70792285
70792526
70792812
70792843
70792917
70792987
70793019
70793093
70793171
70793448
70793821
70793823
70793878
70793898
70793977
70794084
70794110
70794111
70794146
70794291
70794303
70794368
70794380
70794412
70794468
70794482
70794682
70794773
70794846
70794990
70795036
70795133
70795357
70795376
70795620
70795682
70795768
70795934
70796086
70796108
70796109
70796152
70796154
70796190
70796322
70796399
70796500
70796546
70796571
70796736
70796783
70796891
70797187
70797240
70797255
70797383
70797393
70797431
70797434
70797488
70797771
70797860
70797982
70798116
70798255
70798255
70798285
70798343
70798373
70798564
70798637
70798638
70798638
70798788
70798794
70798822
70798923
70798961
70799000
70799058
70799393
70799494
70799593
70799641
70799676
70799677
70799677
70799677
70799687
70799717
70799756
70799829
70799846
70799933
70800064
70800114
70800149
70800228
70800322
70800408
70800408
70800408
70800412
70800471
70800513
70800869
70800871
70800930
70800931
70800943
70801048
70801082
70801142
70801216
70801244
70801253
70801272
70801334
70801414
70801524
70801527
70801529
70801532
70801602
70801606
70801711
70801736
70801784
70801951
70802079
70802094
70802139
70802155
70802396
70802450
70802672
70802714
70802928
70802981
70803051
70803123
70803138
70803325
70803335
70803459
70803491
70803494
70803552
70803597
70803603
70803674
70803775
70803876
70803898
70803938
70804271
70804349
70804467
70804587
70804648
70804795
70804856
70804859
70804861
70805006
70805016
70805360
70805580
70805733
70805937
70805996
70806015
70806059
70806122
70806324
70806324
70806380
70806389
70806410
70806495
70806496
70806569
70806903
70806922
70806923
70806959
70807112
70807155
70807225
70807281
70807300
70807357
70807551
70807552
70807570
70807624
70807624
70807639
70807759
70807903
70807994
70808033
70808033
70808252
70808254
70808563
70808727
70808767
70808770
70808904
70808969
70809063
70809063
70809310
70809371
70809711
70809715
70809810
70809834
70809896
70809900
70809911
70809953
70810015
70810054
70810057
70810120
70810205
70810382
70810437
70810622
70810675
70810739
70810934
70811108
70811211
70811304
70811426
70811520
70811521
70811765
70811779
70811820
70812046
70812421
70812422
70812500
70812609
70812742
70812742
70812745
70812746
70812802
70812960
70813209
70813266
70813321
70813391
70813591
70813797
70813846
70814170
70814207
70814346
70814399
70814832
70814835
70814844
70814922
70815236
70815273
70815453
70815542
70815611
70815626
70815655
70815749
70816139
70816365
70816560
70816663
70816699
70817090
70817197
70817240
70817240
70817282
70817289
70817336
70817450
70817450
70817495
70817651
70817652
70817689
70817839
70817928
70818125
70818131
70818280
70818412
70818543
70818622
70818623
70818655
70818700
70818710
70818787
70818787
70818788
70818834
70818956
70819032
70819164
70819295
70819356
70819431
70819521
70819564
70819667
70819739
70819743
70819849
70819853
70819923
70820099
70820442
70820479
70820524
70820656
70820733
70820739
70820773
70820809
70820813
70820819
70821102
70821229
70821358
70821395
70821425
70821819
70821940
70822247
70822360
70822452
70822488
70822639
70822639
70822679
70822714
70822718
70822752
70822759
70823261
70823305
70823313
70823609
70823646
70823689
70823737
70823890
70823890
70824003
70824057
70824097
70824599
70824642
70824673
70824674
70824803
70824806
70824995
70825000
70825005
70825048
70825078
70825114
70825266
70825304
70825424
70825425
70825564
70825741
70825785
70825857
70825902
70825968
70826302
70826303
70826304
70826342
70826379
70826486
70826521
70826565
70826711
70826798
70827036
70827037
70827247
70827280
70827421
70827579
70827677
70827788
70827792
70827864
70827929
70827958
70827962
70828020
70828021
70828050
70828052
70828300
70828762
70829047
70829047
70829084
70829084
70829517
70829597
70829685
70829961
70829967
70830148
70830191
70830236
70830379
70830413
70830510
70830583
70830657
70830698
70830730
70830891
70830988
70830990
70831052
70831054
70831200
70831500
70832246
70832326
70832326
70832357
70832460
70832466
70832468
70832591
70832757
70832829
70832864
70832935
70833481
70833794
70833827
70833827
70833828
70834390
70834853
70836554
70836586
70836724
70837168
70837236
70839014